0 0.9609375 0.37890625 0.078125 0.1171875
0 0.92578125 0.4578125 0.11171875 0.115625
0 0.85625 0.5875 0.125 0.11875
0 0.94375 0.65078125 0.10078125 0.11875
0 0.8390625 0.68515625 0.115625 0.11484375
0 0.80546875 0.82109375 0.13203125 0.109375
0 0.684375 0.8953125 0.11328125 0.13046875
0 0.7640625 0.90546875 0.0859375 0.08359375
0 0.78046875 0.96640625 0.1171875 0.06640625
0 0.38984375 0.621875 0.13046875 0.11171875
0 0.346875 0.71640625 0.128125 0.11015625
0 0.3 0.8 0.12265625 0.115625
0 0.19765625 0.9171875 0.14140625 0.13203125
0 0.3046875 0.9390625 0.1265625 0.121875
0 0.10859375 0.89375 0.10625 0.0953125
0 0.07734375 0.9609375 0.109375 0.07734375
0 0.12890625 0.9703125 0.1328125 0.05859375
0 0.20703125 0.753125 0.1359375 0.13984375
0 0.24140625 0.66015625 0.096875 0.11875
0 0.30703125 0.6234375 0.0890625 0.09453125
0 0.67734375 0.79921875 0.09453125 0.08515625
0 0.9609375 0.56875 0.07734375 0.12109375