0 0.36796875 0.96953125 0.1203125 0.0609375
0 0.44765625 0.9421875 0.1203125 0.115625
0 0.58125 0.87265625 0.121875 0.128125
0 0.64375 0.95390625 0.1203125 0.0921875
0 0.68125 0.85546875 0.1171875 0.11875
0 0.8203125 0.82109375 0.1125 0.1359375
0 0.896875 0.696875 0.134375 0.115625
0 0.90703125 0.778125 0.084375 0.0890625
0 0.965625 0.7921875 0.06875 0.1203125
0 0.61640625 0.3953125 0.115625 0.134375
0 0.7140625 0.35078125 0.1125 0.13125
0 0.79921875 0.303125 0.11875 0.125
0 0.91953125 0.1984375 0.134375 0.14375
0 0.9375 0.30546875 0.125 0.1328125
0 0.8953125 0.10703125 0.096875 0.109375
0 0.96171875 0.071875 0.075 0.1125
0 0.971875 0.128125 0.05625 0.1359375
0 0.75078125 0.2078125 0.14375 0.1390625
0 0.65625 0.24296875 0.121875 0.1
0 0.61875 0.31015625 0.096875 0.090625
0 0.7984375 0.68984375 0.0875 0.096875
0 0.5609375 0.96953125 0.125 0.0609375