0 0.96953125 0.39453125 0.0609375 0.121875
0 0.940625 0.475 0.11875 0.121875
0 0.8703125 0.6109375 0.13125 0.1234375
0 0.953125 0.675 0.09375 0.121875
0 0.853125 0.7125 0.1203125 0.1203125
0 0.81796875 0.8546875 0.1375 0.1140625
0 0.69140625 0.93125 0.11875 0.1359375
0 0.77421875 0.9421875 0.0890625 0.0875
0 0.78828125 0.98359375 0.121875 0.0328125
0 0.38515625 0.646875 0.1359375 0.115625
0 0.340625 0.74609375 0.1328125 0.115625
0 0.29140625 0.8328125 0.128125 0.1203125
0 0.18203125 0.940625 0.1453125 0.11875
0 0.29453125 0.95546875 0.134375 0.0890625
0 0.0921875 0.9296875 0.1109375 0.1
0 0.05703125 0.9796875 0.1140625 0.040625
0 0.1140625 0.98984375 0.1375 0.0203125
0 0.19453125 0.78359375 0.1421875 0.146875
0 0.23046875 0.68671875 0.1015625 0.1234375
0 0.29921875 0.64921875 0.0921875 0.0984375
0 0.684375 0.83203125 0.0984375 0.0875
0 0.96953125 0.59140625 0.0609375 0.125