0 0.0265625 0.046875 0.05 0.09375
0 0.26484375 0.12890625 0.10078125 0.109375
0 0.1234375 0.21796875 0.10078125 0.10234375
0 0.18125 0.125 0.14140625 0.15234375
0 0.03515625 0.221875 0.0703125 0.11015625
0 0.3671875 0.1640625 0.1171875 0.12109375
0 0.47265625 0.1859375 0.11875 0.1265625
0 0.58203125 0.21015625 0.11875 0.14296875
0 0.76171875 0.4859375 0.12265625 0.128125
0 0.76015625 0.18671875 0.11953125 0.11171875
0 0.8859375 0.290625 0.109375 0.11015625
0 0.33125 0.31484375 0.09140625 0.08984375
0 0.96484375 0.4453125 0.0703125 0.125
0 0.97265625 0.640625 0.0546875 0.109375