0 0.9546875 0.978125 0.090625 0.04375
0 0.8734375 0.7390625 0.1109375 0.103125
0 0.78203125 0.8828125 0.103125 0.103125
0 0.87734375 0.82421875 0.1546875 0.14375
0 0.7796875 0.9703125 0.115625 0.059375
0 0.83671875 0.63515625 0.1234375 0.11875
0 0.81484375 0.52734375 0.128125 0.1203125
0 0.790625 0.41640625 0.1453125 0.1203125
0 0.5109375 0.234375 0.1296875 0.125
0 0.8140625 0.23515625 0.1125 0.121875
0 0.70859375 0.10859375 0.1125 0.1109375
0 0.684375 0.67109375 0.090625 0.09375
0 0.55390625 0.03203125 0.13125 0.0625
0 0.35390625 0.02421875 0.1109375 0.0484375