0 0.92578125 0.0515625 0.11953125 0.1
0 0.609375 0.3078125 0.128125 0.13046875
0 0.159375 0.68828125 0.10078125 0.1046875
0 0.44765625 0.77890625 0.16328125 0.15390625
0 0.4390625 0.8765625 0.0890625 0.0890625
0 0.7796875 0.7765625 0.1484375 0.146875
0 0.6234375 0.89140625 0.12421875 0.1078125
0 0.65625 0.95625 0.109375 0.08359375
0 0.53203125 0.3671875 0.1265625 0.1171875
0 0.5765625 0.4375 0.0890625 0.10234375
0 0.6671875 0.3953125 0.10625 0.11171875
0 0.759375 0.340625 0.09296875 0.1
0 0.86796875 0.2421875 0.11953125 0.13203125
0 0.9546875 0.34375 0.08984375 0.125
0 0.8640625 0.3546875 0.125 0.11953125
0 0.79765625 0.41640625 0.12421875 0.10546875
0 0.8046875 0.28046875 0.08515625 0.09140625