0 0.446875 0.6171875 0.12890625 0.11953125
0 0.4234375 0.71875 0.10078125 0.10390625
0 0.5140625 0.83359375 0.13359375 0.1296875
0 0.4296875 0.87578125 0.1 0.10234375
0 0.36015625 0.79375 0.0984375 0.0984375
0 0.3359375 0.87578125 0.11484375 0.11015625
0 0.16484375 0.84609375 0.090625 0.10234375
0 0.190625 0.68515625 0.10078125 0.10625
0 0.1890625 0.565625 0.10625 0.1078125
0 0.0390625 0.521875 0.078125 0.0953125
0 0.0546875 0.725 0.109375 0.12890625
0 0.06796875 0.81484375 0.0984375 0.1
0 0.178125 0.784375 0.115625 0.0953125
0 0.371875 0.5453125 0.096875 0.0890625