0 0.6703125 0.18515625 0.13046875 0.11484375
0 0.79375 0.21640625 0.146875 0.12265625
0 0.746875 0.54453125 0.11484375 0.11875
0 0.74296875 0.6078125 0.10625 0.08359375
0 0.66171875 0.93515625 0.0984375 0.0859375
0 0.9453125 0.72890625 0.109375 0.1328125
0 0.74140625 0.87734375 0.12265625 0.11484375
0 0.909375 0.9265625 0.1078125 0.11328125
0 0.02578125 0.5578125 0.0515625 0.1375
0 0.73125 0.36328125 0.11015625 0.11484375
0 0.93984375 0.48125 0.08046875 0.096875
0 0.9234375 0.5546875 0.0765625 0.07109375
0 0.96953125 0.5796875 0.0609375 0.128125