0 0.95546875 0.9375 0.0890625 0.125
0 0.69453125 0.61328125 0.134375 0.13125
0 0.3015625 0.1484375 0.109375 0.103125
0 0.20859375 0.44609375 0.159375 0.16875
0 0.10703125 0.4375 0.090625 0.090625
0 0.21015625 0.7890625 0.1515625 0.153125
0 0.09140625 0.62734375 0.1109375 0.128125
0 0.034375 0.6609375 0.06875 0.1125
0 0.6328125 0.5328125 0.121875 0.13125
0 0.56015625 0.57890625 0.10625 0.090625
0 0.60390625 0.67265625 0.115625 0.109375
0 0.66015625 0.7671875 0.103125 0.096875
0 0.76171875 0.8796875 0.1359375 0.1234375
0 0.65703125 0.96171875 0.128125 0.0765625
0 0.64609375 0.87578125 0.1234375 0.1296875
0 0.5828125 0.80703125 0.109375 0.128125
0 0.72265625 0.81484375 0.09375 0.0875