0 0.76953125 0.646875 0.1546875 0.15625
0 0.61015625 0.52578125 0.12421875 0.11171875
0 0.4828125 0.59609375 0.109375 0.1171875
0 0.35703125 0.55859375 0.1265625 0.12265625
0 0.31484375 0.65234375 0.10078125 0.090625
0 0.24140625 0.55703125 0.12421875 0.13359375
0 0.1078125 0.5125 0.14296875 0.146875
0 0.01953125 0.4875 0.0390625 0.15859375
0 0.0953125 0.90078125 0.1171875 0.115625
0 0.01796875 0.875 0.0359375 0.121875
0 0.9703125 0.72265625 0.05859375 0.09375
0 0.88125 0.68515625 0.09453125 0.109375