0 0.81640625 0.35859375 0.1 0.109375
0 0.17109375 0.9078125 0.11328125 0.11328125
0 0.6703125 0.85546875 0.12109375 0.11484375
0 0.49609375 0.14453125 0.065625 0.08203125
0 0.25078125 0.45234375 0.11328125 0.1125
0 0.34375 0.60546875 0.1109375 0.11171875
0 0.2390625 0.68046875 0.11796875 0.11640625
0 0.4859375 0.2328125 0.07890625 0.11171875
0 0.1375 0.90546875 0.0734375 0.06640625
0 0.08125 0.83671875 0.0859375 0.13125
0 0.26171875 0.9609375 0.1 0.0734375
0 0.87421875 0.37109375 0.09375 0.1265625
0 0.45 0.746875 0.103125 0.103125
0 0.18515625 0.50078125 0.12265625 0.06328125
0 0.75234375 0.6453125 0.1015625 0.1140625
0 0.3796875 0.5515625 0.0984375 0.06328125
0 0.07734375 0.46796875 0.1546875 0.1015625
0 0.665625 0.6828125 0.1421875 0.13515625
0 0.2984375 0.78046875 0.07734375 0.07734375
0 0.32734375 0.709375 0.08671875 0.0984375
0 0.27109375 0.8625 0.12109375 0.125
0 0.25625 0.5640625 0.109375 0.11015625
0 0.17109375 0.83515625 0.0984375 0.1109375
0 0.3875 0.684375 0.05859375 0.07578125
0 0.36015625 0.79921875 0.07734375 0.09453125
0 0.05703125 0.6140625 0.1109375 0.10546875
0 0.58125 0.78359375 0.16328125 0.1265625
0 0.71171875 0.5671875 0.1265625 0.10859375