0 0.63828125 0.81875 0.109375 0.1015625
0 0.08515625 0.16875 0.1140625 0.1140625
0 0.1375 0.67109375 0.115625 0.121875
0 0.8546875 0.49609375 0.0828125 0.065625
0 0.54375 0.24921875 0.1140625 0.115625
0 0.38984375 0.34296875 0.1125 0.1125
0 0.31484375 0.23671875 0.11875 0.11875
0 0.76484375 0.4859375 0.1125 0.0796875
0 0.0875 0.134375 0.0671875 0.075
0 0.15625 0.078125 0.1328125 0.0859375
0 0.0359375 0.25703125 0.071875 0.0984375
0 0.62578125 0.87734375 0.128125 0.0953125
0 0.24765625 0.45 0.103125 0.103125
0 0.4953125 0.18203125 0.0640625 0.1234375
0 0.35 0.7546875 0.115625 0.103125
0 0.44375 0.37890625 0.0640625 0.1
0 0.5296875 0.075 0.10625 0.15
0 0.31171875 0.6671875 0.1359375 0.14375
0 0.21328125 0.296875 0.078125 0.078125
0 0.28515625 0.3265625 0.1 0.0875
0 0.13046875 0.26953125 0.125 0.121875
0 0.43125 0.2546875 0.1109375 0.109375
0 0.1578125 0.16875 0.1125 0.1
0 0.31015625 0.3859375 0.0765625 0.059375
0 0.19453125 0.359375 0.0953125 0.078125
0 0.38359375 0.053125 0.10625 0.10625
0 0.21015625 0.58203125 0.128125 0.1640625
0 0.42890625 0.71328125 0.109375 0.128125