0 0.56328125 0.61796875 0.134375 0.125
0 0.5875 0.7234375 0.10625 0.1078125
0 0.49375 0.84296875 0.1390625 0.134375
0 0.58125 0.88671875 0.103125 0.10625
0 0.653125 0.8015625 0.103125 0.103125
0 0.67890625 0.88671875 0.11875 0.115625
0 0.85703125 0.85625 0.09375 0.10625
0 0.83046875 0.68828125 0.10625 0.1109375
0 0.83125 0.5640625 0.1109375 0.1125
0 0.9734375 0.51640625 0.053125 0.096875
0 0.95703125 0.7296875 0.084375 0.134375
0 0.95546875 0.82109375 0.0890625 0.10625
0 0.84375 0.7921875 0.1203125 0.1
0 0.64140625 0.54296875 0.1 0.0921875