0 0.1015625 0.084375 0.10078125 0.10390625
0 0.0296875 0.08671875 0.059375 0.109375
0 0.2015625 0.153125 0.1171875 0.13359375
0 0.296875 0.21015625 0.10078125 0.1046875
0 0.44921875 0.203125 0.1171875 0.1265625
0 0.553125 0.26953125 0.14140625 0.12421875
0 0.73671875 0.34375 0.12421875 0.134375
0 0.90546875 0.42734375 0.15078125 0.15625
0 0.96953125 0.34609375 0.0609375 0.1265625
0 0.97265625 0.64453125 0.0546875 0.15625
0 0.84375 0.8203125 0.13046875 0.134375
0 0.221875 0.28828125 0.11171875 0.115625
0 0.95 0.48671875 0.1 0.1703125
0 0.81328125 0.3828125 0.13203125 0.15625