0 0.5578125 0.6234375 0.13125 0.121875
0 0.58125 0.72578125 0.103125 0.10625
0 0.48984375 0.84296875 0.134375 0.13125
0 0.57578125 0.88515625 0.1015625 0.103125
0 0.64609375 0.80234375 0.1 0.1
0 0.6703125 0.88515625 0.115625 0.1125
0 0.84453125 0.85546875 0.090625 0.103125
0 0.81796875 0.6921875 0.103125 0.1078125
0 0.81953125 0.57109375 0.1078125 0.109375
0 0.96640625 0.5234375 0.0671875 0.0953125
0 0.95078125 0.73125 0.0984375 0.13125
0 0.94296875 0.82421875 0.1 0.1015625
0 0.83125 0.79296875 0.11875 0.096875
0 0.634375 0.55 0.0984375 0.090625