0 0.16171875 0.65390625 0.103125 0.1125
0 0.82734375 0.08671875 0.1171875 0.1171875
0 0.3125 0.14140625 0.125 0.11875
0 0.4921875 0.875 0.0671875 0.084375
0 0.7453125 0.55703125 0.1171875 0.115625
0 0.64921875 0.39921875 0.1140625 0.115625
0 0.7578125 0.321875 0.121875 0.1203125
0 0.50234375 0.78359375 0.08125 0.115625
0 0.8625 0.08984375 0.075 0.06875
0 0.91953125 0.16015625 0.0875 0.1359375
0 0.73671875 0.03671875 0.1015625 0.0734375
0 0.1015625 0.64140625 0.096875 0.13125
0 0.5390625 0.25390625 0.10625 0.10625
0 0.81328125 0.50703125 0.1265625 0.065625
0 0.22734375 0.35859375 0.1046875 0.1171875
0 0.61171875 0.4546875 0.1015625 0.065625
0 0.9234375 0.5421875 0.153125 0.109375
0 0.31640625 0.31875 0.146875 0.140625
0 0.69609375 0.21875 0.0796875 0.0796875
0 0.665625 0.2921875 0.090625 0.1015625
0 0.72421875 0.13359375 0.125 0.128125
0 0.7390625 0.4421875 0.1125 0.1125
0 0.82734375 0.16171875 0.1015625 0.1140625
0 0.6046875 0.3171875 0.0609375 0.078125
0 0.63203125 0.19921875 0.0796875 0.096875
0 0.9453125 0.39296875 0.109375 0.109375
0 0.40390625 0.21484375 0.16875 0.13125
0 0.26953125 0.4390625 0.13125 0.1125