0 0.9546875 0.0234375 0.090625 0.046875
0 0.8734375 0.26484375 0.1109375 0.103125
0 0.78203125 0.12109375 0.103125 0.103125
0 0.87734375 0.18046875 0.1546875 0.14375
0 0.7796875 0.03203125 0.115625 0.0625
0 0.83671875 0.36875 0.1234375 0.11875
0 0.81484375 0.4765625 0.128125 0.1203125
0 0.790625 0.5875 0.1453125 0.1203125
0 0.5109375 0.76953125 0.1296875 0.125
0 0.8140625 0.76875 0.1125 0.121875
0 0.70859375 0.89609375 0.1125 0.1109375
0 0.684375 0.3328125 0.090625 0.09375
0 0.55390625 0.9703125 0.13125 0.059375
0 0.353125 0.978125 0.1109375 0.04375