0 0.19296875 0.67265625 0.11875 0.1359375
0 0.225 0.8015625 0.128125 0.153125
0 0.56640625 0.753125 0.1234375 0.11875
0 0.63203125 0.7484375 0.0875 0.1109375
0 0.96328125 0.6625 0.0734375 0.10625
0 0.7578125 0.95078125 0.134375 0.0984375
0 0.91328125 0.74765625 0.11875 0.128125
0 0.95078125 0.91796875 0.0984375 0.1140625
0 0.57890625 0.0140625 0.1421875 0.028125
0 0.378125 0.73671875 0.11875 0.115625
0 0.50078125 0.95390625 0.1 0.084375
0 0.5765625 0.93671875 0.075 0.0796875
0 0.6015625 0.97578125 0.13125 0.0484375