0 0.04921875 0.0796875 0.0984375 0.103125
0 0.053125 0.01875 0.10625 0.0375
0 0.11953125 0.18671875 0.140625 0.121875
0 0.1796875 0.28671875 0.109375 0.10625
0 0.17265625 0.446875 0.1328125 0.121875
0 0.24140625 0.55546875 0.1296875 0.1484375
0 0.31953125 0.7484375 0.140625 0.1296875
0 0.40546875 0.921875 0.1640625 0.15625
0 0.31953125 0.9796875 0.13125 0.040625
0 0.63515625 0.98359375 0.1640625 0.0328125
0 0.81953125 0.8609375 0.140625 0.1375
0 0.26171875 0.2078125 0.121875 0.1171875
0 0.46953125 0.95859375 0.1765625 0.0828125
0 0.36015625 0.82890625 0.1640625 0.1390625