0 0.9046875 0.91875 0.103125 0.10625
0 0.97421875 0.91640625 0.0515625 0.1109375
0 0.803125 0.8484375 0.11875 0.134375
0 0.70625 0.790625 0.103125 0.10625
0 0.5515625 0.79765625 0.11875 0.128125
0 0.44609375 0.73046875 0.14375 0.125
0 0.259375 0.6546875 0.125 0.1375
0 0.08828125 0.5703125 0.153125 0.159375
0 0.028125 0.6546875 0.05625 0.128125
0 0.02421875 0.35 0.0484375 0.159375
0 0.15078125 0.1703125 0.1328125 0.1375
0 0.7828125 0.7109375 0.1125 0.11875
0 0.04765625 0.51015625 0.0953125 0.1703125
0 0.18125 0.615625 0.134375 0.159375