0 0.0625 0.9546875 0.121875 0.090625
0 0.38046875 0.6953125 0.1296875 0.1328125
0 0.8375 0.30859375 0.103125 0.1078125
0 0.5453125 0.2171875 0.165625 0.15625
0 0.55390625 0.1171875 0.090625 0.090625
0 0.2078125 0.21875 0.15 0.15
0 0.36640625 0.10234375 0.1265625 0.109375
0 0.33359375 0.03984375 0.1109375 0.0796875
0 0.459375 0.63515625 0.128125 0.11875
0 0.4140625 0.56328125 0.090625 0.103125
0 0.321875 0.60625 0.1078125 0.1125
0 0.22890625 0.66171875 0.0953125 0.1015625
0 0.11796875 0.76171875 0.121875 0.134375
0 0.03828125 0.659375 0.0765625 0.128125
0 0.121875 0.64765625 0.128125 0.121875
0 0.18984375 0.58515625 0.125 0.1078125
0 0.18203125 0.7234375 0.0859375 0.09375